> cv.carseats
$size
 [1] 23 22 20 18 17 16 15 13 12 11 10  9  8  7  5  4  3  2  1

$dev
 [1] 2023.690 2059.804 2063.047 2059.015 2023.776 2048.564 
2048.564 2027.891
 [9] 2001.142 2009.725 2009.725 1978.706 2014.223 2014.223 
1983.367 2070.080
[17] 2158.265 2153.562 2441.348

$k
 [1]      -Inf  24.80427  27.46082  28.28863  28.81248  34.68008  34.85758
 [8]  38.34208  44.00913  46.61021  48.59839  58.40530  66.62866  68.21899
[15]  71.84791  98.75112 143.83286 153.26458 334.53492

$method
[1] "deviance"

attr(,"class")
[1] "prune"         "tree.sequence"