> km.out$cluster
   [1] 1 1 1 1 1 1 1 1 1 1 1 1 1 1 1 1 1 1 1 1 1 1 1 1 1 1 1 1 1 1
  [31] 1 1 1 1 1 1 1 1 1 1 1 1 1 1 1 1 1 1 1 1 1 1 1 1 1 1 1 1 1 1
  [61] 1 1 1 1 1 1 1 2 1 1 1 1 1 1 1 1 1 1 1 1 1 1 1 1 1 1 1 1 1 1
  [91] 1 1 1 1 1 1 1 1 1 1 1 1 1 1 1 1 1 1 1 1 1 1 1 1 1 1 1 1 1 1
 [121] 1 1 1 1 1 1 1 1 1 1 1 1 1 1 1 1 1 1 1 1 1 1 1 1 1 1 1 1 1 1
 [151] 1 1 1 1 1 1 1 1 1 1 1 1 1 1 1 1 1 1 1 1 1 1 1 1 1 1 1 1 1 1
 [181] 1 1 1 1 1 1 1 1 1 1 1 1 1 1 1 1 1 1 1 1 2 1 1 3 2 2 2 3 3 2
 [211] 2 2 1 2 2 2 3 2 1 2 3 3 3 2 3 3 1 3 3 2 2 1 2 1 1 2 2 2 3 2
 [241] 2 2 2 2 2 1 3 2 2 2 3 2 2 2 3 2 2 2 3 2 2 1 1 1 2 1 2 2 2 1
 [271] 2 2 1 2 1 2 2 2 2 1 2 2 1 2 2 3 2 2 2 2 1 3 3 2 1 2 1 2 2 2
 [301] 2 2 2 2 2 2 2 2 2 2 2 2 2 2 3 1 2 2 2 2 2 2 1 1 1 1 3 2 1 2
 [331] 3 2 2 1 2 2 1 2 2 2 2 3 2 2 1 1 2 2 1 2 1 2 1 2 1 2 2 2 2 3
 [361] 2 2 1 1 1 1 2 1 3 3 2 2 1 2 2 3 2 2 2 2 2 2 1 1 1 2 3 2 2 2
 [391] 2 2 2 3 1 3 1 1 2 2 2 2 2 2 3 1 1 3 2 2 3 1 2 2 2 2 2 2 2 3
 [421] 2 3 2 2 3 2 2 2 2 2 3 3 1 2 2 2 2 2 2 3 2 2 2 2 2 2 1 2 2 2
 [451] 2 1 2 3 2 3 2 2 2 2 2 2 2 2 2 1 1 2 3 1 1 2 1 2 2 2 2 2 3 2
 [481] 2 2 2 2 2 2 2 2 2 1 1 2 2 1 2 1 2 2 3 2 2 2 2 2 2 1 2 2 2 2
 [511] 2 1 2 2 2 2 3 1 3 1 2 2 3 2 2 2 2 2 1 2 2 2 2 2 2 2 2 1 1 2
 [541] 2 2 1 3 1 3 1 2 1 2 2 2 2 2 2 2 1 2 2 2 2 3 2 1 2 1 2 1 2 2
 [571] 3 2 1 2 3 2 3 1 3 3 3 2 2 2 2 3 2 3 2 2 1 2 2 2 2 2 2 2 1 3
 [601] 1 2 3 3 1 1 3 2 2 2 3 2 3 2 2 2 2 3 2 2 1 3 2 2 1 2 2 2 3 2
 [631] 2 2 2 1 2 3 3 2 2 2 1 2 2 1 1 2 2 2 2 1 2 2 1 3 3 2 2 1 3 2
 [661] 3 2 2 2 2 2 1 2 2 3 2 2 1 1 2 1 2 1 2 2 2 2 2 2 2 1 2 2 1 1
 [691] 2 2 2 2 2 3 2 2 2 1 1 3 3 2 2 2 2 1 2 2 1 2 1 2 2 2 1 1 2 2
 [721] 2 3 3 2 1 1 3 1 3 3 3 2 2 3 2 2 2 2 2 2 2 1 1 2 1 3 2 2 2 2
 [751] 2 3 2 1 3 2 3 2 2 2 2 2 1 2 2 2 2 3 2 1 2 3 1 2 2 2 2 2 2 1
 [781] 3 2 2 3 2 1 1 3 2 2 3 3 2 2 2 1 2 1 2 2 2 2 2 1 1 2 3 2 1 1
 [811] 2 3 3 2 2 2 1 2 3 2 1 2 2 1 3 2 2 3 1 2 2 2 1 2 2 2 2 1 2 2
 [841] 3 3 2 1 2 2 1 2 3 2 2 1 2 2 1 2 3 2 3 2 2 1 2 2 2 2 3 3 3 2
 [871] 2 3 2 1 2 2 2 1 2 2 2 3 1 2 2 2 2 2 3 1 2 2 2 3 2 1 2 3 2 2
 [901] 2 2 2 2 2 2 2 2 1 2 2 2 1 3 2 2 2 2 1 2 2 2 2 3 2 2 2 2 3 2
 [931] 2 2 2 3 2 2 3 2 3 1 2 3 1 2 2 1 1 2 2 1 2 2 1 3 2 2 2 1 1 3
 [961] 2 2 2 2 3 1 1 2 1 2 3 2 2 2 1 2 2 2 1 2 2 2 2 1 2 1 1 2 2 3
 [991] 1 3 1 3 3 2 2 2 2 2
 [ reached getOption("max.print") -- omitted 1400 entries ]