> km.out$cluster
   [1] 1 1 1 1 1 1 1 1 1 1 1 1 1 1 1 1 1 1 1 1 1 1 1 1 1 1 1 1 1 1
  [31] 1 1 1 1 1 1 1 1 1 1 1 1 1 1 1 1 1 1 1 1 1 1 1 1 1 1 1 1 1 1
  [61] 1 1 1 1 1 1 1 1 1 1 1 1 1 1 1 1 1 1 1 1 1 1 1 1 1 1 1 1 1 1
  [91] 1 1 1 1 1 1 1 1 1 1 1 1 1 1 1 1 1 1 1 1 1 1 1 1 1 1 1 1 1 1
 [121] 1 1 1 1 1 1 1 1 1 1 1 1 1 1 1 1 1 1 1 1 1 1 1 1 1 1 1 1 1 1
 [151] 1 1 1 1 1 1 1 1 1 1 1 1 1 1 1 1 1 1 1 1 1 1 1 1 1 1 1 1 1 1
 [181] 1 1 1 1 1 1 1 1 1 1 1 1 1 1 1 1 1 1 1 1 3 3 1 2 3 3 3 2 2 3
 [211] 3 3 3 3 3 3 3 3 3 3 2 2 2 3 2 3 3 2 2 2 3 3 3 3 3 3 3 3 2 3
 [241] 2 3 3 3 3 3 2 3 3 3 2 3 3 3 2 3 3 3 2 3 3 1 3 3 3 3 1 3 3 3
 [271] 3 3 3 3 3 3 3 3 3 3 3 3 3 3 3 2 3 3 3 3 3 2 2 3 3 3 3 3 3 3
 [301] 2 3 3 3 3 3 3 3 3 3 3 3 3 3 2 3 3 3 3 3 3 3 3 3 3 3 2 3 3 3
 [331] 2 3 3 3 3 2 3 3 3 3 3 3 3 3 3 3 3 3 3 3 3 3 3 3 3 3 2 3 3 2
 [361] 3 3 1 3 3 3 2 3 2 2 2 2 3 3 3 2 3 3 3 3 3 3 3 3 3 3 3 3 3 3
 [391] 3 3 3 2 1 2 3 1 3 2 3 3 3 3 2 3 3 3 3 3 3 1 2 3 3 3 3 3 3 2
 [421] 3 2 3 3 3 2 3 3 3 3 2 2 3 3 3 3 3 3 3 2 3 3 3 3 3 3 3 3 3 3
 [451] 3 3 3 2 2 2 3 3 3 3 3 3 3 3 3 1 3 3 3 3 3 3 3 3 3 3 3 3 2 3
 [481] 3 3 3 2 3 3 3 3 2 3 3 3 3 3 3 3 3 3 2 3 3 3 3 3 3 3 3 3 3 3
 [511] 3 3 3 3 3 3 2 3 2 1 3 3 2 3 3 3 3 3 3 3 3 3 3 3 3 3 3 3 3 3
 [541] 3 3 3 2 3 2 3 3 3 3 3 3 3 3 3 3 3 3 3 1 3 2 3 3 3 3 3 3 3 3
 [571] 2 3 3 3 2 3 2 3 2 2 2 3 3 3 3 2 3 2 3 3 3 3 3 3 3 3 3 3 3 2
 [601] 3 3 3 2 3 3 2 3 3 3 2 3 2 3 3 3 3 3 3 3 3 2 3 3 3 3 3 3 2 3
 [631] 3 3 3 3 3 2 2 3 3 3 3 3 3 3 3 3 3 3 3 3 3 3 3 3 2 3 3 3 2 3
 [661] 3 3 3 3 3 2 3 3 3 2 3 3 3 3 3 3 3 3 3 3 3 3 3 3 3 3 3 2 3 3
 [691] 3 3 3 3 3 2 3 3 3 1 3 2 2 3 3 3 3 3 3 3 3 3 3 3 3 3 3 3 3 3
 [721] 3 2 2 3 3 3 2 1 2 2 2 3 3 2 3 3 3 2 2 3 3 3 3 3 3 2 3 3 3 3
 [751] 3 2 3 3 2 3 2 3 3 3 3 3 3 3 2 3 3 2 3 3 3 2 3 3 3 3 3 3 3 3
 [781] 2 3 3 2 3 3 1 3 3 3 2 2 3 3 3 3 3 3 3 3 3 3 3 3 3 3 2 3 3 3
 [811] 3 2 2 3 3 3 3 3 2 3 3 3 3 3 2 3 3 2 3 3 3 3 3 3 3 3 3 3 3 3
 [841] 2 2 3 3 3 3 3 3 2 3 3 3 3 3 3 3 3 3 2 3 3 1 3 3 3 3 2 2 2 3
 [871] 3 2 3 3 3 3 3 3 3 3 3 2 1 3 3 3 3 3 2 3 3 3 3 2 3 3 3 2 3 3
 [901] 3 3 3 3 3 3 3 3 1 3 3 3 3 2 3 3 3 3 3 3 3 3 3 2 3 3 3 3 2 2
 [931] 3 3 3 2 3 3 2 3 2 3 3 2 3 3 3 3 3 2 3 3 3 3 3 2 3 3 3 3 3 2
 [961] 3 3 3 3 3 3 3 3 1 3 2 3 3 3 3 3 3 3 3 3 3 3 3 3 3 3 3 3 3 2
 [991] 3 2 3 2 2 3 3 3 3 3
 [ reached getOption("max.print") -- omitted 1400 entries ]