> cutree(hc.complete, 3)
   [1] 1 1 1 1 1 1 1 1 1 1 1 1 1 1 1 1 1 1 1 1 1 1 1 1 1 1 1 1 1 1
  [31] 1 1 1 1 1 1 1 1 1 1 1 1 1 1 1 1 1 1 1 1 1 1 1 1 1 1 1 1 1 1
  [61] 1 1 1 1 1 1 1 1 1 1 1 1 1 1 1 1 1 1 1 1 1 1 1 1 1 1 1 1 1 1
  [91] 1 1 1 1 1 1 1 1 1 1 1 1 1 1 1 1 1 1 1 1 1 1 1 1 1 1 1 1 1 1
 [121] 1 1 1 1 1 1 1 1 1 1 1 1 1 1 1 1 1 1 1 1 1 1 1 1 1 1 1 1 1 1
 [151] 1 1 1 1 1 1 1 1 1 1 1 1 1 1 1 1 1 1 1 1 1 1 1 1 1 1 1 1 1 1
 [181] 1 1 1 1 1 1 1 1 1 1 1 1 1 1 1 1 1 1 1 1 1 1 1 2 2 2 2 2 2 2
 [211] 1 2 1 2 1 2 2 2 1 2 2 2 2 2 2 2 1 2 2 2 2 1 2 1 1 2 2 2 2 1
 [241] 2 2 2 2 1 1 2 1 2 2 2 2 2 2 2 2 2 2 2 1 2 1 1 2 2 1 1 2 2 1
 [271] 2 2 1 2 1 2 2 2 2 1 2 2 1 2 2 2 2 2 2 2 1 2 2 2 1 2 1 2 2 2
 [301] 2 2 1 2 2 2 1 2 1 2 2 2 2 2 2 1 2 2 2 2 2 1 1 1 1 2 2 2 1 2
 [331] 2 2 2 1 2 2 2 2 2 2 2 2 1 2 1 1 2 2 1 2 1 2 1 2 1 2 2 2 2 2
 [361] 2 2 1 2 1 1 2 1 2 2 2 2 1 1 2 2 2 2 1 2 2 2 1 1 1 2 2 2 2 2
 [391] 2 2 2 2 1 2 1 1 2 2 2 2 2 1 2 1 1 2 2 2 2 1 2 2 2 2 2 2 2 2
 [421] 2 2 2 2 2 1 2 2 2 2 2 2 2 1 1 2 2 2 1 2 2 2 2 2 2 1 1 2 1 2
 [451] 2 2 2 2 2 2 2 1 2 2 2 2 2 2 2 1 1 2 2 1 1 2 1 1 2 2 2 1 2 2
 [481] 2 2 2 2 2 1 2 2 2 1 1 2 2 1 1 1 2 2 2 2 2 2 2 2 2 1 2 2 2 2
 [511] 2 1 2 1 2 2 2 1 2 1 2 2 2 2 2 2 2 2 1 2 2 1 2 2 2 2 2 1 2 2
 [541] 2 2 1 2 2 2 1 2 1 2 2 2 2 2 1 1 1 2 2 1 2 2 2 1 2 1 2 1 1 2
 [571] 2 2 1 2 2 1 2 1 2 2 2 2 2 1 2 2 2 2 2 2 2 2 2 2 2 2 2 2 1 2
 [601] 1 2 2 2 1 1 2 2 2 2 2 2 2 2 2 2 2 2 2 2 1 2 2 1 1 2 1 1 2 2
 [631] 2 1 2 1 1 2 2 2 2 2 1 2 2 1 1 2 1 2 2 2 2 2 2 2 2 2 2 1 2 2
 [661] 2 2 2 1 2 2 1 2 1 2 2 1 2 1 2 1 2 1 2 2 1 1 2 2 2 1 2 2 1 2
 [691] 2 2 2 2 2 2 2 2 2 1 2 2 2 1 2 2 2 1 1 2 1 2 1 2 2 2 1 1 2 2
 [721] 2 2 2 2 1 1 2 1 2 2 2 2 2 2 1 1 2 2 2 2 2 1 1 2 1 2 2 1 2 2
 [751] 2 2 1 2 2 2 2 2 2 2 2 2 1 2 2 2 2 2 2 2 2 2 1 2 2 2 2 1 2 1
 [781] 2 2 2 2 2 1 1 2 2 2 2 2 2 2 2 1 2 1 2 2 2 2 1 2 1 2 2 2 1 1
 [811] 2 2 2 2 2 2 1 2 2 2 1 2 2 1 2 2 2 2 1 2 1 2 1 2 2 2 1 1 2 2
 [841] 2 2 2 1 2 2 1 2 2 2 2 1 1 2 1 2 2 2 2 2 2 1 2 2 2 2 2 2 2 2
 [871] 2 2 2 1 2 2 2 1 1 2 2 2 1 2 2 2 2 2 2 1 2 2 2 2 2 1 2 2 2 2
 [901] 2 1 2 1 2 2 1 2 1 2 1 2 1 2 2 2 2 2 1 2 2 2 1 2 2 1 2 2 2 2
 [931] 2 1 2 2 2 1 2 2 2 1 1 2 1 1 2 1 2 2 2 1 2 2 1 2 2 2 2 1 1 2
 [961] 2 2 2 1 2 1 1 2 1 2 2 1 2 2 1 2 2 2 1 2 1 2 2 1 2 1 1 2 2 2
 [991] 1 2 1 2 2 2 2 2 2 2
 [ reached getOption("max.print") -- omitted 1400 entries ]